4.2349726775956285 0.4057971014492754
4.2349726775956285 0.4173913043478261
4.2349726775956285 0.4753623188405798
4.2054644808743165 0.33849275362318854
4.726775956284152 0.3405797101449275
4.726775956284152 0.344927536231884
4.699453551912568 0.3797101449275362
4.726775956284152 0.3014492753623188
5.218579234972678 0.38550724637681144
5.218579234972678 0.3927536231884057
5.245901639344262 0.4347826086956521
5.218579234972678 0.336231884057971
5.737704918032787 0.32463768115942004
5.737704918032787 0.3318840579710145
5.710382513661202 0.36231884057971
5.710382513661202 0.28695652173913055
6.475409836065573 0.327536231884058
6.475409836065573 0.336231884057971
6.475409836065573 0.36376811594202896
6.475409836065573 0.2927536231884058
7.4863387978142075 0.31159420289855055
7.4863387978142075 0.31739130434782603
7.4863387978142075 0.3492753623188405
7.4863387978142075 0.2753623188405796
8.989071038251367 0.318840579710145
8.989071038251367 0.32463768115942004
8.96174863387978 0.35072463768115947
8.96174863387978 0.28695652173913055
10.98360655737705 0.34637681159420297
10.98360655737705 0.353623188405797
10.98360655737705 0.37536231884057947
10.956284153005464 0.31594202898550705
12.978142076502731 0.36231884057971
12.978142076502731 0.38550724637681144
12.950819672131148 0.3999999999999999
12.923497267759563 0.32463768115942004
15.491803278688526 0.3318840579710145
15.491803278688526 0.3521739130434782
15.491803278688526 0.3608695652173912
15.491803278688526 0.3014492753623188
18.497267759562845 0.3492753623188405
18.497267759562845 0.3869565217391304
18.497267759562845 0.3971014492753624
18.497267759562845 0.3014492753623188
25 0.2536231884057969
25 0.29855072463768106
24.94535519125683 0.3405797101449275
25.054644808743173 0.16521739130434776
