1.5135135135135132 0.4115830115830116
1.5135135135135132 0.48571428571428565
1.5135135135135132 0.47644787644787634
1.5135135135135132 0.47644787644787634
2.9909909909909915 0.5629343629343628
2.9909909909909915 0.5258687258687259
2.9909909909909915 0.5135135135135135
2.9909909909909915 0.5135135135135135
5.0090090090090085 0.535135135135135
5.0090090090090085 0.5644787644787644
5.0090090090090085 0.5768339768339767
5.0090090090090085 0.5768339768339767
7.027027027027027 0.4424710424710424
6.9909909909909915 0.4115830115830116
6.9909909909909915 0.40694980694980687
6.9909909909909915 0.40694980694980687
10.018018018018019 0.26640926640926643
10.018018018018019 0.28803088803088794
10.018018018018019 0.29266409266409266
10.018018018018019 0.29266409266409266
18.018018018018015 0.17837837837837833
17.981981981981985 0.20926640926640927
17.981981981981985 0.20308880308880295
17.981981981981985 0.20308880308880295
