0.1 0.00234
0.3 0.00478
0.5 0.00981
0.7 0.01701
0.9 0.02695
1.1 0.04024
1.3 0.05648
1.5 0.0744
1.7 0.09225
1.9 0.10921
2.1 0.12413
2.3 0.13581
2.5 0.14547
2.7 0.15269
2.9 0.15763
3.1 0.16013
3.3 0.16137
3.5 0.16097
3.7 0.15885
3.9 0.15569
4.1 0.15309
4.3 0.14966
4.5 0.1452
4.7 0.13949
4.9 0.1354
5.1 0.13063
5.3 0.12468
5.5 0.12153
5.7 0.11789
5.9 0.11443
6.1 0.11089
6.3 0.10917
6.5 0.10637
6.7 0.09917
6.9 0.09789
7.1 0.09564
7.3 0.09459
7.5 0.09389
7.7 0.09045
7.9 0.0885
8.1 0.08571
8.3 0.08321
8.5 0.0815
8.7 0.08007
8.9 0.07859
9.1 0.0763
9.3 0.07411
9.5 0.07269
9.7 0.06996
9.9 0.0686
10.1 0.0664
10.3 0.0643
10.5 0.0626
10.7 0.05982
10.9 0.05649
11.1 0.05424
11.3 0.05329
11.5 0.05288
11.7 0.0525
11.9 0.05171
11.9 0.05986
11.7 0.06132
11.5 0.06216
11.3 0.06314
11.1 0.06427
10.9 0.06658
10.7 0.06876
10.5 0.07099
10.3 0.07232
10.1 0.07548
9.9 0.07824
9.7 0.08031
9.5 0.08139
9.3 0.08348
9.1 0.08561
8.9 0.08656
8.7 0.08705
8.5 0.08751
8.3 0.08986
8.1 0.09087
7.9 0.09289
7.7 0.09689
7.5 0.09893
7.3 0.10056
7.1 0.1072
6.9 0.11046
6.7 0.11363
6.5 0.11415
6.3 0.11542
6.1 0.12171
5.9 0.12255
5.7 0.12792
5.5 0.13522
5.3 0.13923
5.1 0.14269
4.9 0.1465
4.7 0.1553
4.5 0.16044
4.3 0.1686
4.1 0.17392
3.9 0.17609
3.7 0.18106
3.5 0.18632
3.3 0.18735
3.1 0.18726
2.9 0.1842
2.7 0.17811
2.5 0.16567
2.3 0.15161
2.1 0.1323
1.9 0.11267
1.7 0.09033
1.5 0.06728
1.3 0.04733
1.1 0.03036
0.9 0.02001
0.7 0.01349
0.5 0.00781
0.3 0.0037
0.1 0.00151
