3.0014773776546635 0.3562753036437243
3.0014537017307106 0.36302294197031015
3.001347160072922 0.3933873144399458
3.0016075952364045 0.3191632928475032
4.002211331297204 0.14709851551956787
4.002199493335228 0.15047233468286092
4.007964580817767 0.17408906882591046
4.0023060349930155 0.12010796221322506
5.0020219239055805 0.2010796221322535
5.001820678551981 0.25843454790823195
5.00185619243791 0.24831309041835326
5.002187655373252 0.15384615384615352
7.001950896133722 0.22132253711201044
7.001572081350475 0.3292847503373817
7.001631271160358 0.31241565452091735
7.0022823590690635 0.12685560053981093
