0.1 -0.00277
0.3 0.000493
0.5 -0.00262
0.7 -0.00295
0.9 -0.00593
1.1 -0.00561
1.3 -0.00707
1.5 -0.00489
1.7 -0.00298
1.9 -0.00129
2.1 0.00127
2.3 0.00269
2.5 0.0063
2.7 0.01045
2.9 0.01369
3.1 0.01853
3.3 0.02262
3.5 0.02784
3.7 0.03183
3.9 0.03574
4.1 0.04167
4.3 0.04469
4.5 0.04721
4.7 0.05144
4.9 0.05346
5.1 0.0549
5.3 0.05603
5.5 0.05804
5.7 0.05941
5.9 0.05931
6.1 0.06003
6.3 0.05994
6.5 0.05762
6.7 0.05568
6.9 0.0566
7.1 0.05429
7.3 0.05378
7.5 0.05036
7.7 0.05126
7.9 0.04897
8.1 0.04732
8.3 0.04676
8.5 0.04328
8.7 0.04265
8.9 0.0413
9.1 0.04058
9.3 0.03866
9.5 0.03803
9.7 0.03538
9.9 0.0324
10.1 0.03531
10.3 0.03322
10.5 0.03431
10.7 0.02935
10.9 0.0286
11.1 0.02633
11.3 0.02762
11.5 0.02546
11.7 0.02457
11.9 0.02453
11.9 0.03276
11.7 0.03674
11.5 0.03447
11.3 0.0362
11.1 0.03697
10.9 0.03313
10.7 0.0381
10.5 0.03772
10.3 0.04129
10.1 0.04205
9.9 0.04282
9.7 0.04527
9.5 0.047
9.3 0.04784
9.1 0.04714
8.9 0.04983
8.7 0.05021
8.5 0.04922
8.3 0.05163
8.1 0.05335
7.9 0.05246
7.7 0.05521
7.5 0.05928
7.3 0.06186
7.1 0.063
6.9 0.06546
6.7 0.06595
6.5 0.06472
6.3 0.06784
6.1 0.06846
5.9 0.06739
5.7 0.06927
5.5 0.06764
5.3 0.06888
5.1 0.06467
4.9 0.06328
4.7 0.0622
4.5 0.06023
4.3 0.05689
4.1 0.05564
3.9 0.05218
3.7 0.04673
3.5 0.04273
3.3 0.03829
3.1 0.0352
2.9 0.03204
2.7 0.02657
2.5 0.02506
2.3 0.02021
2.1 0.0189
1.9 0.01551
1.7 0.01268
1.5 0.01223
1.3 0.00987
1.1 0.00661
0.9 0.0058
0.7 0.0039
0.5 0.00085
0.3 0.00293
0.1 0.00162
