0.25  1.16486
0.75  1.15037
1.25  1.12247
1.75  1.08207
2.25  1.03344
2.75  0.978141
3.25  0.919193
3.75  0.859395
4.25  0.803749
4.75  0.753672
5.25  0.710025
5.75  0.671624
6.25  0.642254
6.75  0.614691
7.25  0.5944
7.75  0.575923
9.  0.549194
11.  0.512528
13.  0.49406
15.  0.482068
17.  0.474763
19.  0.476513
22.5  0.467138
27.5  0.469757
32.5  0.474713
37.5  0.477128
45.  0.489313
55.  0.462876
65.  0.47152
75.  0.530671
85.  0.47307
95.  0.600001
95 0.787148
85 0.695259
75 0.720222
65 0.674387
55 0.653316
45 0.611609
37.5 0.56657
32.5 0.539555
27.5 0.517074
22.5 0.491485
19 0.472785
17 0.459089
15 0.451347
13 0.444607
11 0.440482
9 0.454209
7.75 0.472092
7.25 0.486662
6.75 0.504793
6.25 0.531738
5.75 0.567305
5.25 0.611348
4.75 0.666769
4.25 0.733303
3.75 0.809337
3.25 0.889513
2.75 0.968297
2.25 1.04114
1.75 1.10272
1.25 1.15461
0.75 1.19254
0.25 1.21383
