8.8461538 0.29915621
9.2307692 0.28969859
9.6153846 0.28156474
10 0.27468447
10.384615 0.26898519
10.769231 0.26438468
11.153846 0.26079832
11.538462 0.2581415
11.923077 0.25632959
12.307692 0.25527797
12.692308 0.25490203
13.076923 0.25511715
13.461538 0.25583871
13.846154 0.25698208
14.230769 0.25846265
14.615385 0.26019581
15 0.26209692
15.384615 0.2640934
15.769231 0.26616075
16.153846 0.26828652
16.538462 0.27045822
16.923077 0.2726634
17.307692 0.27488959
17.692308 0.27712432
18.076923 0.27935513
18.461538 0.28156954
18.846154 0.2837551
19.230769 0.28589933
19.615385 0.28798978
20 0.29001397
20.384615 0.29196409
20.769231 0.29385099
21.153846 0.29569016
21.538462 0.29749709
21.923077 0.29928729
22.307692 0.30107626
22.692308 0.30287947
23.076923 0.30471245
23.461538 0.30659067
23.846154 0.30852964
24.230769 0.31054486
24.615385 0.31265182
25 0.31486601
25.384615 0.31719913
25.769231 0.31964755
26.153846 0.32220385
26.538462 0.32486061
26.923077 0.32761041
27.307692 0.33044581
27.692308 0.33335938
28.076923 0.33634372
28.461538 0.33939138
28.846154 0.34249494
29.230769 0.34564698
29.615385 0.34884006
30 0.35206677
30.384615 0.35531888
30.769231 0.35858495
31.153846 0.36185275
31.538462 0.36511005
31.923077 0.36834461
32.307692 0.37154421
32.692308 0.37469659
33.076923 0.37778954
33.461538 0.38081082
33.846154 0.38374819
34.230769 0.38658943
34.615385 0.38932229
35 0.39193454
35.384615 0.39441788
35.769231 0.39677972
36.153846 0.39903139
36.538462 0.40118423
36.923077 0.40324956
37.307692 0.40523874
37.692308 0.40716308
38.076923 0.40903394
38.461538 0.41086263
38.846154 0.41266051
39.230769 0.4144389
39.615385 0.41620914
40 0.41798256
40.384615 0.4197694
40.769231 0.42157552
41.153846 0.42340564
41.538462 0.42526453
41.923077 0.42715692
42.307692 0.42908757
42.692308 0.43106121
43.076923 0.43308261
43.461538 0.4351565
43.846154 0.43728763
44.230769 0.43948075
44.615385 0.4417406
45 0.44407194
45.384615 0.44647604
45.769231 0.44894037
46.153846 0.45144892
46.538462 0.4539857
46.923077 0.45653469
47.307692 0.45907989
47.692308 0.46160531
48.076923 0.46409493
48.461538 0.46653276
48.846154 0.46890279
49.230769 0.47118903
49.615385 0.47337546
50 0.47544608
50.384615 0.47739003
50.769231 0.47921691
51.153846 0.4809415
51.538462 0.48257853
51.923077 0.48414276
52.307692 0.48564895
52.692308 0.48711184
53.076923 0.48854619
53.461538 0.48996675
53.846154 0.49138828
54.230769 0.49282552
54.615385 0.49429322
55 0.49580615
55.384615 0.49737574
55.769231 0.4990002
56.153846 0.50067444
56.538462 0.50239334
56.923077 0.50415182
57.307692 0.50594477
57.692308 0.5077671
58.076923 0.50961369
58.461538 0.51147946
58.846154 0.5133593
59.230769 0.51524811
59.615385 0.5171408
60 0.51903226
60.384615 0.52091748
60.769231 0.52279182
61.153846 0.52465071
61.538462 0.5264896
61.923077 0.52830393
62.307692 0.53008914
62.692308 0.53184067
63.076923 0.53355397
63.461538 0.53522448
63.846154 0.53684763
64.230769 0.53841887
64.615385 0.53993365
65 0.5413874
65.384615 0.54277747
65.769231 0.54410886
66.153846 0.54538846
66.538462 0.54662316
66.923077 0.54781986
67.307692 0.54898546
67.692308 0.55012686
68.076923 0.55125095
68.461538 0.55236463
68.846154 0.5534748
69.230769 0.55458835
69.615385 0.55571218
70 0.55685318
70.384615 0.55801568
70.769231 0.55919364
71.153846 0.56037848
71.538462 0.56156158
71.923077 0.56273434
72.307692 0.56388817
72.692308 0.56501446
73.076923 0.5661046
73.461538 0.56715
73.846154 0.56814205
74.230769 0.56907215
74.615385 0.5699317
75 0.5707121
75.384615 0.57140908
75.769231 0.57203577
76.153846 0.57260961
76.538462 0.57314808
76.923077 0.57366862
77.307692 0.5741887
77.692308 0.57472577
78.076923 0.57529729
78.461538 0.57592073
78.846154 0.57661353
79.230769 0.57739316
79.615385 0.57827707
80 0.57928273
80.384615 0.5804219
80.769231 0.58168357
81.153846 0.58305104
81.538462 0.58450761
81.923077 0.58603658
82.307692 0.58762124
82.692308 0.5892449
83.076923 0.59089085
83.461538 0.5925424
83.846154 0.59418284
84.230769 0.59579547
84.615385 0.59736359
85 0.59887051
85.384615 0.60030257
85.769231 0.60165838
86.153846 0.60293962
86.538462 0.60414795
86.923077 0.60528503
87.307692 0.60635254
87.692308 0.60735214
88.076923 0.6082855
88.461538 0.60915427
88.846154 0.60996015
89.230769 0.61070477
89.615385 0.61138983
90 0.61201698
90.384615 0.6125894
90.769231 0.61311634
91.153846 0.61360857
91.538462 0.61407683
91.923077 0.61453191
92.307692 0.61498455
92.692308 0.61544552
93.076923 0.61592558
93.461538 0.6164355
93.846154 0.61698602
94.230769 0.61758793
94.615385 0.61825197
95 0.6189889
95.384615 0.61980571
95.769231 0.62069418
96.153846 0.62164234
96.538462 0.62263818
96.923077 0.62366971
97.307692 0.62472496
97.692308 0.62579191
98.076923 0.6268586
98.461538 0.62791301
98.846154 0.62894317
99.230769 0.62993708
99.615385 0.63088275
100 0.63176819
100.38462 0.63258491
100.76923 0.63333843
101.15385 0.63403776
101.53846 0.63469191
101.92308 0.63530992
102.30769 0.63590078
102.69231 0.63647352
103.07692 0.63703716
103.46154 0.63760071
103.84615 0.63817319
104.23077 0.63876362
104.61538 0.639381
105 0.64003436
105.38462 0.64073038
105.76923 0.64146637
106.15385 0.64223729
106.53846 0.64303813
106.92308 0.64386385
107.30769 0.64470943
107.69231 0.64556984
108.07692 0.64644005
108.46154 0.64731504
108.84615 0.64818977
109.23077 0.64905923
109.61538 0.64991838
110 0.6507622
110.38462 0.65158671
110.76923 0.65239223
111.15385 0.6531801
111.53846 0.6539517
111.92308 0.65470837
112.30769 0.65545148
112.69231 0.65618239
113.07692 0.65690246
113.46154 0.65761304
113.84615 0.65831551
114.23077 0.65901122
114.61538 0.65970152
115 0.66038778
115.38462 0.66107115
115.76923 0.66175193
116.15385 0.66243018
116.53846 0.66310601
116.92308 0.66377948
117.30769 0.66445069
117.69231 0.66511971
118.07692 0.66578663
118.46154 0.66645153
118.84615 0.66711449
119.23077 0.6677756
119.61538 0.66843493
120 0.66909258
120 0.612903
119.615 0.612164
119.231 0.611425
118.846 0.610684
118.462 0.609941
118.077 0.609197
117.692 0.608452
117.308 0.607705
116.923 0.606955
116.538 0.606204
116.154 0.60545
115.769 0.604694
115.385 0.603936
115 0.603175
114.615 0.60241
114.231 0.601641
113.846 0.600866
113.462 0.600083
113.077 0.599289
112.692 0.598484
112.308 0.597666
111.923 0.596833
111.538 0.595982
111.154 0.595114
110.769 0.594225
110.385 0.593313
110 0.592378
109.615 0.591419
109.231 0.59044
108.846 0.589448
108.462 0.588449
108.077 0.58745
107.692 0.586456
107.308 0.585474
106.923 0.584511
106.538 0.583571
106.154 0.582663
105.769 0.581791
105.385 0.580962
105 0.580183
104.615 0.579457
104.231 0.578775
103.846 0.578127
103.462 0.577502
103.077 0.576888
102.692 0.576274
102.308 0.57565
101.923 0.575004
101.538 0.574326
101.154 0.573604
100.769 0.572827
100.385 0.571985
100 0.571066
99.6154 0.570063
99.2308 0.568987
98.8462 0.567852
98.4615 0.566672
98.0769 0.565462
97.6923 0.564236
97.3077 0.563008
96.9231 0.561793
96.5385 0.560605
96.1538 0.559458
95.7692 0.558368
95.3846 0.557348
95 0.556412
94.6154 0.555571
94.2308 0.554816
93.8462 0.554134
93.4615 0.553514
93.0769 0.552942
92.6923 0.552405
92.3077 0.551891
91.9231 0.551388
91.5385 0.550882
91.1538 0.550361
90.7692 0.549813
90.3846 0.549224
90 0.548582
89.6154 0.547876
89.2308 0.547102
88.8462 0.546258
88.4615 0.545343
88.0769 0.544355
87.6923 0.543291
87.3077 0.542149
86.9231 0.540929
86.5385 0.539627
86.1538 0.538241
85.7692 0.536771
85.3846 0.535213
85 0.533567
84.6154 0.531833
84.2308 0.530027
83.8462 0.528169
83.4615 0.526278
83.0769 0.524375
82.6923 0.522477
82.3077 0.520605
81.9231 0.518777
81.5385 0.517015
81.1538 0.515336
80.7692 0.51376
80.3846 0.512307
80 0.510996
79.6154 0.50984
79.2308 0.508825
78.8462 0.507932
78.4615 0.507141
78.0769 0.506432
77.6923 0.505784
77.3077 0.505178
76.9231 0.504594
76.5385 0.504011
76.1538 0.503411
75.7692 0.502773
75.3846 0.502076
75 0.501302
74.6154 0.500434
74.2308 0.499479
73.8462 0.498444
73.4615 0.497341
73.0769 0.496178
72.6923 0.494965
72.3077 0.493711
71.9231 0.492427
71.5385 0.491122
71.1538 0.489806
70.7692 0.488487
70.3846 0.487176
70 0.485883
69.6154 0.484613
69.2308 0.483363
68.8462 0.482122
68.4615 0.480884
68.0769 0.47964
67.6923 0.478383
67.3077 0.477103
66.9231 0.475792
66.5385 0.474443
66.1538 0.473048
65.7692 0.471597
65.3846 0.470084
65 0.468499
64.6154 0.466837
64.2308 0.465101
63.8462 0.463297
63.4615 0.461432
63.0769 0.45951
62.6923 0.457537
62.3077 0.455519
61.9231 0.453463
61.5385 0.451373
61.1538 0.449255
60.7692 0.447116
60.3846 0.444961
60 0.442796
59.6154 0.440626
59.2308 0.438458
58.8462 0.436297
58.4615 0.434151
58.0769 0.432024
57.6923 0.429923
57.3077 0.427855
56.9231 0.425824
56.5385 0.423838
56.1538 0.421902
55.7692 0.420022
55.3846 0.418205
55 0.416456
54.6154 0.414778
54.2308 0.413156
53.8462 0.411574
53.4615 0.410012
53.0769 0.408454
52.6923 0.40688
52.3077 0.405274
51.9231 0.403618
51.5385 0.401892
51.1538 0.400081
50.7692 0.398165
50.3846 0.396127
50 0.393949
49.6154 0.391619
49.2308 0.389151
48.8462 0.386563
48.4615 0.383876
48.0769 0.381108
47.6923 0.378279
47.3077 0.375408
46.9231 0.372515
46.5385 0.369619
46.1538 0.366739
45.7692 0.363895
45.3846 0.361107
45 0.358393
44.6154 0.355768
44.2308 0.353232
43.8462 0.350777
43.4615 0.3484
43.0769 0.346093
42.6923 0.343851
42.3077 0.341667
41.9231 0.339538
41.5385 0.337455
41.1538 0.335414
40.7692 0.333409
40.3846 0.331435
40 0.329484
39.6154 0.32755
39.2308 0.325623
38.8462 0.323687
38.4615 0.321732
38.0769 0.319744
37.6923 0.31771
37.3077 0.315617
36.9231 0.313453
36.5385 0.311205
36.1538 0.308859
35.7692 0.306403
35.3846 0.303825
35 0.30111
34.6154 0.298252
34.2308 0.295259
33.8462 0.292145
33.4615 0.288924
33.0769 0.285609
32.6923 0.282215
32.3077 0.278756
31.9231 0.275244
31.5385 0.271695
31.1538 0.268121
30.7692 0.264537
30.3846 0.260956
30 0.257393
29.6154 0.25386
29.2308 0.250367
28.8462 0.246925
28.4615 0.243542
28.0769 0.240228
27.6923 0.236993
27.3077 0.233847
26.9231 0.230798
26.5385 0.227856
26.1538 0.225032
25.7692 0.222334
25.3846 0.219771
25 0.217354
24.6154 0.215088
24.2308 0.212959
23.8462 0.210949
23.4615 0.209041
23.0769 0.207216
22.6923 0.205458
22.3077 0.203748
21.9231 0.202068
21.5385 0.200402
21.1538 0.19873
20.7692 0.197035
20.3846 0.195299
20 0.193506
19.6154 0.191641
19.2308 0.189715
18.8462 0.187743
18.4615 0.185739
18.0769 0.183719
17.6923 0.181698
17.3077 0.17969
16.9231 0.17771
16.5385 0.175774
16.1538 0.173896
15.7692 0.172092
15.3846 0.170376
15 0.168762
14.6154 0.167281
14.2308 0.166012
13.8462 0.165052
13.4615 0.164496
13.0769 0.164438
12.6923 0.164974
12.3077 0.166198
11.9231 0.168207
11.5385 0.171094
11.1538 0.174956
10.7692 0.179887
10.3846 0.185982
10 0.193337
9.61539 0.202044
9.23077 0.212185
8.84615 0.223838
8.8461538 0.29915621
