2.981132075471698 0.6525735294117648
2.981132075471698 0.7617647058823531
2.981132075471698 0.7352941176470589
4.981132075471698 0.6558823529411766
4.981132075471698 0.7700367647058826
4.981132075471698 0.7386029411764707
6.981132075471698 0.40275735294117665
6.981132075471698 0.44742647058823537
6.981132075471698 0.45735294117647063
10 0.22573529411764715
10 0.15955882352941186
10 0.1810661764705883
17.962264150943394 0.14797794117647067
18 0.20091911764705894
17.962264150943394 0.1926470588235294
