1.4716981132075464 0.5748161764705884
1.4716981132075464 0.664154411764706
1.4716981132075464 0.6542279411764707
2.4905660377358485 0.5549632352941178
2.4905660377358485 0.6112132352941178
2.4905660377358485 0.6227941176470589
3.4716981132075473 0.5020220588235296
3.4716981132075473 0.5433823529411766
3.4716981132075473 0.5615808823529412
4.4905660377358485 0.4606617647058825
4.4905660377358485 0.5053308823529413
4.4905660377358485 0.5119485294117648
5.471698113207547 0.39117647058823546
5.471698113207547 0.42757352941176485
5.471698113207547 0.4292279411764708
6.981132075471698 0.3216911764705883
6.981132075471698 0.35974264705882364
6.981132075471698 0.35974264705882364
10 0.22077205882352946
9.962264150943394 0.25055147058823535
9.962264150943394 0.24889705882352953
