2.981132075471698 0.5466911764705883
2.981132075471698 0.6343750000000001
2.981132075471698 0.6161764705882353
2.981132075471698 0.6161764705882353
4.981132075471698 0.7088235294117649
4.981132075471698 0.8477941176470589
4.981132075471698 0.8147058823529414
4.981132075471698 0.8147058823529414
6.981132075471698 0.6045955882352942
6.981132075471698 0.7584558823529413
6.981132075471698 0.705514705882353
6.981132075471698 0.705514705882353
9.962264150943394 0.3498161764705884
9.962264150943394 0.4490808823529413
9.962264150943394 0.4193014705882353
9.962264150943394 0.4193014705882353
17.962264150943394 0.13639705882352948
17.962264150943394 0.1926470588235294
17.962264150943394 0.17775735294117656
17.962264150943394 0.17775735294117656
