2.4981132075471697 0.31182108626198085
2.513207547169811 0.3768370607028754
2.4981132075471697 0.36629392971246005
3.49433962264151 0.3083067092651757
3.49433962264151 0.3487220447284345
3.49433962264151 0.346964856230032
4.50566037735849 0.40319488817891375
4.490566037735848 0.4541533546325879
4.490566037735848 0.4523961661341853
5.501886792452831 0.4084664536741214
5.501886792452831 0.46118210862619813
5.501886792452831 0.45591054313099044
6.498113207547171 0.2924920127795527
6.483018867924528 0.33290734824281154
6.483018867924528 0.3293929712460064
7.494339622641508 0.2626198083067093
7.494339622641508 0.3047923322683706
7.494339622641508 0.29776357827476035
8.50566037735849 0.34345047923322686
8.490566037735848 0.410223642172524
8.490566037735848 0.39792332268370606
9.486792452830189 0.3100638977635783
9.50188679245283 0.37859424920127793
9.50188679245283 0.36629392971246005
