2.4981132075471697 0.28183947193923675
2.4981132075471697 0.3310407498945083
2.4981132075471697 0.31874043040569044
3.49433962264151 0.33433630719151236
3.49433962264151 0.3747516426547711
3.49433962264151 0.3729944541563686
4.50566037735849 0.37804388450177817
4.50566037735849 0.4254879739586472
4.50566037735849 0.4237307854602446
5.501886792452831 0.3251094098499005
5.501886792452831 0.37958225330037976
5.501886792452831 0.37606787630357463
6.498113207547171 0.26690336970281503
6.498113207547171 0.3248905901500994
6.498113207547171 0.3196190246548917
7.494339622641508 0.21221170655253468
7.494339622641508 0.2526270420157935
7.494339622641508 0.24911266501898838
8.490566037735848 0.23835071432877203
8.490566037735848 0.2945807462776538
8.490566037735848 0.29106636928084867
9.486792452830189 0.2662469106034118
9.486792452830189 0.35410633552353965
9.486792452830189 0.3453203930315269
