PbPb 5.02 TeV 20-40%, uncertainty band
from b-quark coalescence probability

pT(GeV)     D<--B v2

0.1	-0.00277  0.00162
0.3	0.000493  0.00293
0.5	-0.00262  0.00085
0.7	-0.00295  0.0039
0.9	-0.00593  0.0058
1.1	-0.00561  0.00661
1.3	-0.00707  0.00987
1.5	-0.00489  0.01223
1.7	-0.00298  0.01268
1.9	-0.00129  0.01551
2.1	0.00127	0.0189
2.3	0.00269	0.02021
2.5	0.0063	0.02506
2.7	0.01045	0.02657
2.9	0.01369	0.03204
3.1	0.01853	0.0352
3.3	0.02262	0.03829
3.5	0.02784	0.04273
3.7	0.03183	0.04673
3.9	0.03574	0.05218
4.1	0.04167	0.05564
4.3	0.04469	0.05689
4.5	0.04721	0.06023
4.7	0.05144	0.0622
4.9	0.05346	0.06328
5.1	0.0549	0.06467
5.3	0.05603	0.06888
5.5	0.05804	0.06764
5.7	0.05941	0.06927
5.9	0.05931	0.06739
6.1	0.06003	0.06846
6.3	0.05994	0.06784
6.5	0.05762	0.06472
6.7	0.05568	0.06595
6.9	0.0566	0.06546
7.1	0.05429	0.063
7.3	0.05378	0.06186
7.5	0.05036	0.05928
7.7	0.05126	0.05521
7.9	0.04897	0.05246
8.1	0.04732	0.05335
8.3	0.04676	0.05163
8.5	0.04328	0.04922
8.7	0.04265	0.05021
8.9	0.0413	0.04983
9.1	0.04058	0.04714
9.3	0.03866	0.04784
9.5	0.03803	0.047
9.7	0.03538	0.04527
9.9	0.0324	0.04282
10.1	0.03531	0.04205
10.3	0.03322	0.04129
10.5	0.03431	0.03772
10.7	0.02935	0.0381
10.9	0.0286	0.03313
11.1	0.02633	0.03697
11.3	0.02762	0.0362
11.5	0.02546	0.03447
11.7	0.02457	0.03674
11.9	0.02453	0.03276
 